0.8319149613380432
1.0
1.0
0.9997078776359558
0.9976233839988708
0.99409419298172
0.8405098915100098
0.9960671067237854
-0.7580714225769043
0.9001424908638
0.9941028952598572
1.0
1.0
0.982285737991333
0.8939805030822754
0.9648249745368958
1.0
1.0
0.9687488079071045
0.9812135696411133
0.9272350668907166
1.0
0.8703324794769287
0.9963938593864441
0.9784353375434875
0.897966206073761
1.0
0.9992367625236511
0.996339738368988
-0.9347025156021118
0.974423885345459
1.0
0.9848631024360657
0.40116605162620544
0.9494613409042358
1.0
0.92490154504776
1.0
0.9940523505210876
1.0
1.0
0.9979746341705322
1.0
0.9860495328903198
0.9885515570640564
0.9894613027572632
1.0
1.0
0.940800130367279
0.9403643608093262
0.4503387212753296
-0.5459709763526917
0.9863847494125366
1.0
1.0
1.0
0.9381840825080872
0.8385199904441833
0.9993629455566406
0.8012259602546692
1.0
0.9828287363052368
1.0
0.9805367588996887
1.0
0.9942160248756409
0.9947778582572937
1.0
0.9903689622879028
0.6097055077552795
0.9386324286460876
1.0
1.0
1.0
0.9669156074523926
0.9905095100402832
0.9383258819580078
1.0
1.0
0.9338452219963074
0.8991309404373169
0.9923158288002014
0.9938360452651978
1.0
1.0
0.9909956455230713
0.9759893417358398
0.9906846284866333
0.8843759894371033
0.9707417488098145
0.9793632626533508
0.970701277256012
0.8608047962188721
0.8384956121444702
0.9956845045089722
0.9097100496292114
0.778391420841217
0.2591991722583771
0.9908459782600403
1.0
